tau > 3: <k^2> finite, so the control should converge like ER.
  tau  kbar  family     10000     30000    100000    300000   (sbar; c_max in brackets)
  3.5     4     hrg  2.832[ 9]  2.840[10]  2.839[12]  2.838[12]
  3.5     4  config  0.995[ 3]  0.991[ 3]  0.990[ 3]  0.990[ 3]
  3.5     8     hrg  4.855[13]  4.881[14]  4.891[17]  4.892[17]
  3.5     8  config  1.021[ 4]  1.005[ 3]  1.001[ 3]  1.000[ 3]
  4.5     4     hrg  2.919[10]  2.929[10]  2.934[12]  2.927[12]
  4.5     4  config  0.994[ 3]  0.993[ 3]  0.993[ 3]  0.993[ 3]
  4.5     8     hrg  5.032[14]  5.069[15]  5.070[15]  5.061[16]
  4.5     8  config  1.005[ 3]  1.002[ 3]  1.000[ 3]  1.000[ 3]

[exited with code 0]
